V 54
K 1
D 0 -3556000 4572000 2032000
Y 1
U 4191000 2032000 254000 0 2 3 REFDES=IC?
U 4191000 1778000 254000 0 2 3 DEVICE=AD9102BCPZ
U 4191000 1524000 254000 0 2 0 PKG_TYPE=QFN50P500X500X80-33N-D
U 4191000 1270000 254000 0 2 0 Description=Analog Devices AD9102BCPZ, 14 bit Serial DAC, 180Msps, 32-Pin LFCSP
U 4191000 1016000 254000 0 2 0 Datasheet Link=https://www.analog.com/media/en/technical-documentation/data-sheets/AD9102.pdf
U 4191000 762000 254000 0 2 0 Height=0.8
U 4191000 508000 254000 0 2 0 Mouser Part Number=584-AD9102BCPZ
U 4191000 254000 254000 0 2 0 Mouser Price/Stock=https://www.mouser.co.uk/ProductDetail/Analog-Devices/AD9102BCPZ?qs=%2FtpEQrCGXCx4RM%2FcE0d16g%3D%3D
U 4191000 0 254000 0 2 0 Manufacturer_Name=Analog Devices
U 4191000 -254000 254000 0 2 0 Manufacturer_Part_Number=AD9102BCPZ
U 0 0 254000 0 1 0 FORWARD_PCB=1
l 5 508000 1524000 4064000 1524000 4064000 -3048000 508000 -3048000 508000 1524000
|GRPHSTL -1 -1 -1 1
P 1 0 0 508000 0 0 2 0
L 584200 0 228600 0 2 0 1 0 SCLK
A 355600 50800 203200 0 9 3 #=1
A 0 0 9 0 3 0 PINTYPE=BI
P 2 0 -254000 508000 -254000 0 2 0
L 584200 -254000 228600 0 2 0 1 0 SDIO
A 355600 -203200 203200 0 9 3 #=2
A 0 0 9 0 3 0 PINTYPE=BI
P 3 0 -508000 508000 -508000 0 2 0
L 584200 -508000 228600 0 2 0 1 0 DGND
A 355600 -457200 203200 0 9 3 #=3
A 0 0 9 0 3 0 PINTYPE=BI
P 4 0 -762000 508000 -762000 0 2 0
L 584200 -762000 228600 0 2 0 1 0 DLDO2
A 355600 -711200 203200 0 9 3 #=4
A 0 0 9 0 3 0 PINTYPE=BI
P 5 0 -1016000 508000 -1016000 0 2 0
L 584200 -1016000 228600 0 2 0 1 0 DVDD
A 355600 -965200 203200 0 9 3 #=5
A 0 0 9 0 3 0 PINTYPE=BI
P 6 0 -1270000 508000 -1270000 0 2 0
L 584200 -1270000 228600 0 2 0 1 0 DLDO1
A 355600 -1219200 203200 0 9 3 #=6
A 0 0 9 0 3 0 PINTYPE=BI
P 7 0 -1524000 508000 -1524000 0 2 0
L 584200 -1524000 228600 0 2 0 1 0 SDO/SDI2/DOUT
A 355600 -1473200 203200 0 9 3 #=7
A 0 0 9 0 3 0 PINTYPE=BI
P 8 0 -1778000 508000 -1778000 0 2 0
L 584200 -1778000 228600 0 2 0 1 0 ~CS
A 355600 -1727200 203200 0 9 3 #=8
A 0 0 9 0 3 0 PINTYPE=BI
P 9 1270000 -3556000 1270000 -3048000 0 1 0
L 1270000 -2971800 228600 1 2 0 1 0 ~RESET
A 1219200 -3200400 203200 1 9 3 #=9
A 0 0 9 0 3 0 PINTYPE=BI
P 10 1524000 -3556000 1524000 -3048000 0 1 0
L 1524000 -2971800 228600 1 2 0 1 0 NC_1
A 1473200 -3200400 203200 1 9 3 #=10
A 0 0 9 0 3 0 PINTYPE=BI
P 11 1778000 -3556000 1778000 -3048000 0 1 0
L 1778000 -2971800 228600 1 2 0 1 0 NC_2
A 1727200 -3200400 203200 1 9 3 #=11
A 0 0 9 0 3 0 PINTYPE=BI
P 12 2032000 -3556000 2032000 -3048000 0 1 0
L 2032000 -2971800 228600 1 2 0 1 0 AVDD2
A 1981200 -3200400 203200 1 9 3 #=12
A 0 0 9 0 3 0 PINTYPE=BI
P 13 2286000 -3556000 2286000 -3048000 0 1 0
L 2286000 -2971800 228600 1 2 0 1 0 NC_3
A 2235200 -3200400 203200 1 9 3 #=13
A 0 0 9 0 3 0 PINTYPE=BI
P 14 2540000 -3556000 2540000 -3048000 0 1 0
L 2540000 -2971800 228600 1 2 0 1 0 NC_4
A 2489200 -3200400 203200 1 9 3 #=14
A 0 0 9 0 3 0 PINTYPE=BI
P 15 2794000 -3556000 2794000 -3048000 0 1 0
L 2794000 -2971800 228600 1 2 0 1 0 AGND_1
A 2743200 -3200400 203200 1 9 3 #=15
A 0 0 9 0 3 0 PINTYPE=BI
P 16 3048000 -3556000 3048000 -3048000 0 1 0
L 3048000 -2971800 228600 1 2 0 1 0 NC_5
A 2997200 -3200400 203200 1 9 3 #=16
A 0 0 9 0 3 0 PINTYPE=BI
P 17 4572000 0 4064000 0 0 3 0
L 3987800 0 228600 0 8 0 1 0 CAL_SENSE
A 4216400 50800 203200 0 3 3 #=24
A 0 0 9 0 3 0 PINTYPE=BI
P 18 4572000 -254000 4064000 -254000 0 3 0
L 3987800 -254000 228600 0 8 0 1 0 CLKVDD
A 4216400 -203200 203200 0 3 3 #=23
A 0 0 9 0 3 0 PINTYPE=BI
P 19 4572000 -508000 4064000 -508000 0 3 0
L 3987800 -508000 228600 0 8 0 1 0 CLDO
A 4216400 -457200 203200 0 3 3 #=22
A 0 0 9 0 3 0 PINTYPE=BI
P 20 4572000 -762000 4064000 -762000 0 3 0
L 3987800 -762000 228600 0 8 0 1 0 CLKP
A 4216400 -711200 203200 0 3 3 #=21
A 0 0 9 0 3 0 PINTYPE=BI
P 21 4572000 -1016000 4064000 -1016000 0 3 0
L 3987800 -1016000 228600 0 8 0 1 0 CLKN
A 4216400 -965200 203200 0 3 3 #=20
A 0 0 9 0 3 0 PINTYPE=BI
P 22 4572000 -1270000 4064000 -1270000 0 3 0
L 3987800 -1270000 228600 0 8 0 1 0 CLKGND
A 4216400 -1219200 203200 0 3 3 #=19
A 0 0 9 0 3 0 PINTYPE=BI
P 23 4572000 -1524000 4064000 -1524000 0 3 0
L 3987800 -1524000 228600 0 8 0 1 0 REFIO
A 4216400 -1473200 203200 0 3 3 #=18
A 0 0 9 0 3 0 PINTYPE=BI
P 24 4572000 -1778000 4064000 -1778000 0 3 0
L 3987800 -1778000 228600 0 8 0 1 0 NC_6
A 4216400 -1727200 203200 0 3 3 #=17
A 0 0 9 0 3 0 PINTYPE=BI
P 25 1270000 2032000 1270000 1524000 0 0 0
L 1270000 1447800 228600 1 8 0 1 0 EP
A 1219200 1676400 203200 1 3 3 #=33
A 0 0 9 0 3 0 PINTYPE=BI
P 26 1524000 2032000 1524000 1524000 0 0 0
L 1524000 1447800 228600 1 8 0 1 0 ~TRIGGER
A 1473200 1676400 203200 1 3 3 #=32
A 0 0 9 0 3 0 PINTYPE=BI
P 27 1778000 2032000 1778000 1524000 0 0 0
L 1778000 1447800 228600 1 8 0 1 0 NC_8
A 1727200 1676400 203200 1 3 3 #=31
A 0 0 9 0 3 0 PINTYPE=BI
P 28 2032000 2032000 2032000 1524000 0 0 0
L 2032000 1447800 228600 1 8 0 1 0 NC_7
A 1981200 1676400 203200 1 3 3 #=30
A 0 0 9 0 3 0 PINTYPE=BI
P 29 2286000 2032000 2286000 1524000 0 0 0
L 2286000 1447800 228600 1 8 0 1 0 AVDD1
A 2235200 1676400 203200 1 3 3 #=29
A 0 0 9 0 3 0 PINTYPE=BI
P 30 2540000 2032000 2540000 1524000 0 0 0
L 2540000 1447800 228600 1 8 0 1 0 IOUTN
A 2489200 1676400 203200 1 3 3 #=28
A 0 0 9 0 3 0 PINTYPE=BI
P 31 2794000 2032000 2794000 1524000 0 0 0
L 2794000 1447800 228600 1 8 0 1 0 IOUT_P
A 2743200 1676400 203200 1 3 3 #=27
A 0 0 9 0 3 0 PINTYPE=BI
P 32 3048000 2032000 3048000 1524000 0 0 0
L 3048000 1447800 228600 1 8 0 1 0 AGND_2
A 2997200 1676400 203200 1 3 3 #=26
A 0 0 9 0 3 0 PINTYPE=BI
P 33 3302000 2032000 3302000 1524000 0 0 0
L 3302000 1447800 228600 1 8 0 1 0 FSADJ
A 3251200 1676400 203200 1 3 3 #=25
A 0 0 9 0 3 0 PINTYPE=BI
E
