V 54
K 1
D 0 -4064000 3048000 0
Y 1
U 2667000 762000 254000 0 2 3 REFDES=IC?
U 2667000 508000 254000 0 2 3 DEVICE=LT8471IFE#PBF
U 2667000 254000 254000 0 2 0 PKG_TYPE=SOP65P640X120-21N
U 2667000 0 254000 0 2 0 Description=DC/DC CONVERTER, MULTITOPOLOGY, 50V, TSSOP-20; Supply Voltage:50V; No. of Step-Down DC - DC Converters:2; No. of LDO Regulators:-; No. of Regulated Outputs:2; Digital IC Case:TSSOP; No. of Pins:20Pins; Operating Temperature Min:-40CRoHS Compliant: Yes
U 2667000 -254000 254000 0 2 0 Datasheet Link=https://www.analog.com/media/en/technical-documentation/data-sheets/8471fd.pdf
U 2667000 -508000 254000 0 2 0 Height=1.2
U 2667000 -762000 254000 0 2 0 Mouser Part Number=584-LT8471IFE#PBF
U 2667000 -1016000 254000 0 2 0 Mouser Price/Stock=https://www.mouser.co.uk/ProductDetail/Analog-Devices/LT8471IFEPBF?qs=hVkxg5c3xu%2FiDctk9AXMtQ%3D%3D
U 2667000 -1270000 254000 0 2 0 Manufacturer_Name=Analog Devices
U 2667000 -1524000 254000 0 2 0 Manufacturer_Part_Number=LT8471IFE#PBF
U 0 0 254000 0 1 0 FORWARD_PCB=1
l 5 508000 254000 2540000 254000 2540000 -3556000 508000 -3556000 508000 254000
|GRPHSTL -1 -1 -1 1
P 1 0 0 508000 0 0 2 0
L 584200 0 228600 0 2 0 1 0 C1
A 355600 50800 203200 0 9 3 #=1
A 0 0 9 0 3 0 PINTYPE=BI
P 2 0 -254000 508000 -254000 0 2 0
L 584200 -254000 228600 0 2 0 1 0 E1
A 355600 -203200 203200 0 9 3 #=2
A 0 0 9 0 3 0 PINTYPE=BI
P 3 0 -508000 508000 -508000 0 2 0
L 584200 -508000 228600 0 2 0 1 0 VIN1
A 355600 -457200 203200 0 9 3 #=3
A 0 0 9 0 3 0 PINTYPE=BI
P 4 0 -762000 508000 -762000 0 2 0
L 584200 -762000 228600 0 2 0 1 0 PG1
A 355600 -711200 203200 0 9 3 #=4
A 0 0 9 0 3 0 PINTYPE=BI
P 5 0 -1016000 508000 -1016000 0 2 0
L 584200 -1016000 228600 0 2 0 1 0 FB1
A 355600 -965200 203200 0 9 3 #=5
A 0 0 9 0 3 0 PINTYPE=BI
P 6 0 -1270000 508000 -1270000 0 2 0
L 584200 -1270000 228600 0 2 0 1 0 OV/UV
A 355600 -1219200 203200 0 9 3 #=6
A 0 0 9 0 3 0 PINTYPE=BI
P 7 0 -1524000 508000 -1524000 0 2 0
L 584200 -1524000 228600 0 2 0 1 0 RT
A 355600 -1473200 203200 0 9 3 #=7
A 0 0 9 0 3 0 PINTYPE=BI
P 8 0 -1778000 508000 -1778000 0 2 0
L 584200 -1778000 228600 0 2 0 1 0 SS1
A 355600 -1727200 203200 0 9 3 #=8
A 0 0 9 0 3 0 PINTYPE=BI
P 9 0 -2032000 508000 -2032000 0 2 0
L 584200 -2032000 228600 0 2 0 1 0 SYNC
A 355600 -1981200 203200 0 9 3 #=9
A 0 0 9 0 3 0 PINTYPE=BI
P 10 0 -2286000 508000 -2286000 0 2 0
L 584200 -2286000 228600 0 2 0 1 0 GND_1
A 355600 -2235200 203200 0 9 3 #=10
A 0 0 9 0 3 0 PINTYPE=BI
P 11 1524000 -4064000 1524000 -3556000 0 1 0
L 1524000 -3479800 228600 1 2 0 1 0 GND_4
A 1473200 -3708400 203200 1 9 3 #=21
A 0 0 9 0 3 0 PINTYPE=BI
P 12 3048000 0 2540000 0 0 3 0
L 2463800 0 228600 0 8 0 1 0 C2
A 2692400 50800 203200 0 3 3 #=20
A 0 0 9 0 3 0 PINTYPE=BI
P 13 3048000 -254000 2540000 -254000 0 3 0
L 2463800 -254000 228600 0 8 0 1 0 E2
A 2692400 -203200 203200 0 3 3 #=19
A 0 0 9 0 3 0 PINTYPE=BI
P 14 3048000 -508000 2540000 -508000 0 3 0
L 2463800 -508000 228600 0 8 0 1 0 VIN2
A 2692400 -457200 203200 0 3 3 #=18
A 0 0 9 0 3 0 PINTYPE=BI
P 15 3048000 -762000 2540000 -762000 0 3 0
L 2463800 -762000 228600 0 8 0 1 0 PG2
A 2692400 -711200 203200 0 3 3 #=17
A 0 0 9 0 3 0 PINTYPE=BI
P 16 3048000 -1016000 2540000 -1016000 0 3 0
L 2463800 -1016000 228600 0 8 0 1 0 FB2
A 2692400 -965200 203200 0 3 3 #=16
A 0 0 9 0 3 0 PINTYPE=BI
P 17 3048000 -1270000 2540000 -1270000 0 3 0
L 2463800 -1270000 228600 0 8 0 1 0 SS2
A 2692400 -1219200 203200 0 3 3 #=15
A 0 0 9 0 3 0 PINTYPE=BI
P 18 3048000 -1524000 2540000 -1524000 0 3 0
L 2463800 -1524000 228600 0 8 0 1 0 SHOUT
A 2692400 -1473200 203200 0 3 3 #=14
A 0 0 9 0 3 0 PINTYPE=BI
P 19 3048000 -1778000 2540000 -1778000 0 3 0
L 2463800 -1778000 228600 0 8 0 1 0 C3
A 2692400 -1727200 203200 0 3 3 #=13
A 0 0 9 0 3 0 PINTYPE=BI
P 20 3048000 -2032000 2540000 -2032000 0 3 0
L 2463800 -2032000 228600 0 8 0 1 0 GND_3
A 2692400 -1981200 203200 0 3 3 #=12
A 0 0 9 0 3 0 PINTYPE=BI
P 21 3048000 -2286000 2540000 -2286000 0 3 0
L 2463800 -2286000 228600 0 8 0 1 0 GND_2
A 2692400 -2235200 203200 0 3 3 #=11
A 0 0 9 0 3 0 PINTYPE=BI
E
