V 54
K 1
D 0 -2794000 3810000 1778000
Y 1
U 3429000 1778000 254000 0 2 3 REFDES=IC?
U 3429000 1524000 254000 0 2 3 DEVICE=PE4312C-Z
U 3429000 1270000 254000 0 2 0 PKG_TYPE=QFN50P400X400X90-21N-D
U 3429000 1016000 254000 0 2 0 Description=RF ATTENUATOR 31.5DB 50OHM 20QFN
U 3429000 762000 254000 0 2 0 Datasheet Link=https://www.psemi.com/pdf/datasheets/pe4312ds.pdf
U 3429000 508000 254000 0 2 0 Height=0.9
U 3429000 254000 254000 0 2 0 Mouser Part Number=81-PE4312C-Z
U 3429000 0 254000 0 2 0 Mouser Price/Stock=https://www.mouser.co.uk/ProductDetail/pSemi/PE4312C-Z?qs=l7cgNqFNU1hgFbGgRtu7ww%3D%3D
U 3429000 -254000 254000 0 2 0 Manufacturer_Name=Peregrine Semiconductor
U 3429000 -508000 254000 0 2 0 Manufacturer_Part_Number=PE4312C-Z
U 0 0 254000 0 1 0 FORWARD_PCB=1
l 5 508000 1270000 3302000 1270000 3302000 -2286000 508000 -2286000 508000 1270000
|GRPHSTL -1 -1 -1 1
P 1 0 0 508000 0 0 2 0
L 584200 0 228600 0 2 0 1 0 C16
A 355600 50800 203200 0 9 3 #=1
A 0 0 9 0 3 0 PINTYPE=BI
P 2 0 -254000 508000 -254000 0 2 0
L 584200 -254000 228600 0 2 0 1 0 RF1
A 355600 -203200 203200 0 9 3 #=2
A 0 0 9 0 3 0 PINTYPE=BI
P 3 0 -508000 508000 -508000 0 2 0
L 584200 -508000 228600 0 2 0 1 0 DATA
A 355600 -457200 203200 0 9 3 #=3
A 0 0 9 0 3 0 PINTYPE=BI
P 4 0 -762000 508000 -762000 0 2 0
L 584200 -762000 228600 0 2 0 1 0 CLOCK
A 355600 -711200 203200 0 9 3 #=4
A 0 0 9 0 3 0 PINTYPE=BI
P 5 0 -1016000 508000 -1016000 0 2 0
L 584200 -1016000 228600 0 2 0 1 0 LE
A 355600 -965200 203200 0 9 3 #=5
A 0 0 9 0 3 0 PINTYPE=BI
P 6 1270000 -2794000 1270000 -2286000 0 1 0
L 1270000 -2209800 228600 1 2 0 1 0 VDD_1
A 1219200 -2438400 203200 1 9 3 #=6
A 0 0 9 0 3 0 PINTYPE=BI
P 7 1524000 -2794000 1524000 -2286000 0 1 0
L 1524000 -2209800 228600 1 2 0 1 0 PUP1
A 1473200 -2438400 203200 1 9 3 #=7
A 0 0 9 0 3 0 PINTYPE=BI
P 8 1778000 -2794000 1778000 -2286000 0 1 0
L 1778000 -2209800 228600 1 2 0 1 0 PUP2
A 1727200 -2438400 203200 1 9 3 #=8
A 0 0 9 0 3 0 PINTYPE=BI
P 9 2032000 -2794000 2032000 -2286000 0 1 0
L 2032000 -2209800 228600 1 2 0 1 0 VDD_2
A 1981200 -2438400 203200 1 9 3 #=9
A 0 0 9 0 3 0 PINTYPE=BI
P 10 2286000 -2794000 2286000 -2286000 0 1 0
L 2286000 -2209800 228600 1 2 0 1 0 GND_1
A 2235200 -2438400 203200 1 9 3 #=10
A 0 0 9 0 3 0 PINTYPE=BI
P 11 3810000 0 3302000 0 0 3 0
L 3225800 0 228600 0 8 0 1 0 C8
A 3454400 50800 203200 0 3 3 #=15
A 0 0 9 0 3 0 PINTYPE=BI
P 12 3810000 -254000 3302000 -254000 0 3 0
L 3225800 -254000 228600 0 8 0 1 0 RF2
A 3454400 -203200 203200 0 3 3 #=14
A 0 0 9 0 3 0 PINTYPE=BI
P 13 3810000 -508000 3302000 -508000 0 3 0
L 3225800 -508000 228600 0 8 0 1 0 P/S
A 3454400 -457200 203200 0 3 3 #=13
A 0 0 9 0 3 0 PINTYPE=BI
P 14 3810000 -762000 3302000 -762000 0 3 0
L 3225800 -762000 228600 0 8 0 1 0 VSS_EXT/GND
A 3454400 -711200 203200 0 3 3 #=12
A 0 0 9 0 3 0 PINTYPE=BI
P 15 3810000 -1016000 3302000 -1016000 0 3 0
L 3225800 -1016000 228600 0 8 0 1 0 GND_2
A 3454400 -965200 203200 0 3 3 #=11
A 0 0 9 0 3 0 PINTYPE=BI
P 16 1270000 1778000 1270000 1270000 0 0 0
L 1270000 1193800 228600 1 8 0 1 0 EP
A 1219200 1422400 203200 1 3 3 #=21
A 0 0 9 0 3 0 PINTYPE=BI
P 17 1524000 1778000 1524000 1270000 0 0 0
L 1524000 1193800 228600 1 8 0 1 0 C0.5
A 1473200 1422400 203200 1 3 3 #=20
A 0 0 9 0 3 0 PINTYPE=BI
P 18 1778000 1778000 1778000 1270000 0 0 0
L 1778000 1193800 228600 1 8 0 1 0 C1
A 1727200 1422400 203200 1 3 3 #=19
A 0 0 9 0 3 0 PINTYPE=BI
P 19 2032000 1778000 2032000 1270000 0 0 0
L 2032000 1193800 228600 1 8 0 1 0 GND_3
A 1981200 1422400 203200 1 3 3 #=18
A 0 0 9 0 3 0 PINTYPE=BI
P 20 2286000 1778000 2286000 1270000 0 0 0
L 2286000 1193800 228600 1 8 0 1 0 C2
A 2235200 1422400 203200 1 3 3 #=17
A 0 0 9 0 3 0 PINTYPE=BI
P 21 2540000 1778000 2540000 1270000 0 0 0
L 2540000 1193800 228600 1 8 0 1 0 C4
A 2489200 1422400 203200 1 3 3 #=16
A 0 0 9 0 3 0 PINTYPE=BI
E
