V 54
K 1
D 0 0 2032000 0
Y 1
U 1270000 889000 254000 0 3 3 REFDES=D?
U 1270000 635000 254000 0 3 3 DEVICE=P6SMBJ5.0CA
U 1270000 381000 254000 0 3 0 PKG_TYPE=DIONM5437X240N
U 1270000 127000 254000 0 3 0 Description=ESD Suppressors / TVS Diodes TVS, SMB,  150C,  600W, Bidir
U 1270000 -127000 254000 0 3 0 Datasheet Link=https://www.mouser.de/datasheet/2/849/p6smbj65-2578601.pdf
U 1270000 -381000 254000 0 3 0 Height=2.4
U 1270000 -635000 254000 0 3 0 Mouser Part Number=637-P6SMBJ5.0CA
U 1270000 -889000 254000 0 3 0 Mouser Price/Stock=https://www.mouser.co.uk/ProductDetail/Diotec-Semiconductor/P6SMBJ5.0CA?qs=OlC7AqGiEDl52k1IDrEg7g%3D%3D
U 1270000 -1143000 254000 0 3 0 Manufacturer_Name=Diotec
U 1270000 -1397000 254000 0 3 0 Manufacturer_Part_Number=P6SMBJ5.0CA
U 0 0 254000 0 1 0 FORWARD_PCB=1
l 4 1016000 0 508000 -254000 508000 254000 1016000 0
|GRPHSTL -1 -1 -1 1
l 4 1016000 0 1524000 -254000 1524000 254000 1016000 0
|GRPHSTL -1 -1 -1 1
l 2 1016000 -203200 1016000 203200
|GRPHSTL -1 -1 -1 1
l 2 914400 254000 1016000 203200
|GRPHSTL -1 -1 -1 1
l 2 1016000 -203200 1117600 -254000
|GRPHSTL -1 -1 -1 1
P 1 0 0 508000 0 0 2 0
L 0 -50800 228600 0 1 0 3 0 1
A 0 50800 203200 0 3 3 #=1
A 0 0 9 0 3 0 PINTYPE=BI
P 2 2032000 0 1524000 0 0 3 0
L 2032000 -50800 228600 0 7 0 3 0 2
A 2032000 50800 203200 0 9 3 #=2
A 0 0 9 0 3 0 PINTYPE=BI
E
